%YAML:1.0
---


directory_pattern_l: "/mnt/c/Data/Kitti/dataset/sequences/00/image_0/*.png"
directory_pattern_r: "/mnt/c/Data/Kitti/dataset/sequences/00/image_1/*.png"

sparse_detector:
  feature_extraction_algorithm: "adafast"
  descriptor_compute_algorithm: "orb"
  matcher_algorithm: "flann"
  
adafast:
  min_count: 200
  max_count: 1000
  min_threshold : 10
  max_threshold : 100
  cell_size_x : 3
  cell_size_y : 3
  threshold_step_size : 10

cam_params:
   stereo_cam_params:
      left_cam:
         K: !!opencv-matrix
            rows: 3
            cols: 3
            dt: d
            data: [ 4.6226591779142302e+02, 0., 3.6196889170459553e+02,
                0., 4.6083039115800642e+02, 2.4771079619264441e+02, 0.,
                0., 1. ]
         dist_coeff: !!opencv-matrix
            rows: 1
            cols: 5
            dt: d
            data: [ -3.1197472098139956e-01, 1.2825279827081165e-01,
                2.5414837340842596e-05, 6.6374184395184441e-06,
                -2.7730478393514613e-02 ]
      right_cam:
         K: !!opencv-matrix
            rows: 3
            cols: 3
            dt: d
            data: [ 4.6042689151261237e+02, 0., 3.7432318184867881e+02,
                0., 4.5924259403211272e+02, 2.5430977616746779e+02, 0.,
                0., 1. ]
         dist_coeff: !!opencv-matrix
            rows: 1
            cols: 5
            dt: d
            data: [ -3.1041555762735507e-01, 1.2688509714188578e-01,
                -3.4501171636540454e-04, 1.2746995162188438e-04,
                -2.7569182736283844e-02 ]
      EMat: !!opencv-matrix
         rows: 3
         cols: 3
         dt: d
         data: [ -2.5930394894887780e-05, 7.4607809933956116e-03,
             7.0757073352509699e-03, -9.7914302036129358e-03,
             -2.6910521735196789e-02, 1.8253544893904632e+00,
             -2.7577563211047228e-03, -1.8253764852612471e+00,
             -2.6896775923583246e-02 ]
      FMat: !!opencv-matrix
         rows: 3
         cols: 3
         dt: d
         data: [ 1.7628147328215323e-09, -5.0878300344544623e-07,
             -9.6968378314757949e-05, 6.6736310450830685e-07,
             1.8398776353665322e-06, -5.8208882943915019e-02,
             -8.4056291719874490e-05, 5.7036644914377120e-02, 1. ]
      Rs: !!opencv-matrix
         rows: 3
         cols: 3
         dt: d
         data: [ 9.9999660006970903e-01, 2.2864250396874872e-03,
             1.2538379322487650e-03, -2.3046461004942371e-03,
             9.9988887190162146e-01, 1.4728627011858177e-02,
             -1.2200226940235546e-03, -1.4731466588254262e-02,
             9.9989074174971004e-01 ]
      ts: !!opencv-matrix
         rows: 3
         cols: 1
         dt: d
         data: [ -1.8255634315716631e+00, 6.9650576455917018e-03,
             -7.5642271055608550e-03 ]
